set([0,
     308,
     573,
     924,
     947,
     1359,
     1679,
     1689,
     1852,
     1994,
     2169,
     2175,
     2675,
     2680,
     2689,
     3486,
     3516,
     3574,
     3839,
     4054,
     4363,
     4457,
     4473,
     4499,
     4508,
     4788,
     4815,
     4902,
     5013,
     5042,
     5079,
     5164,
     5294,
     5359,
     5513,
     5544,
     5547,
     5577,
     5583,
     5719,
     5866,
     5974,
     5982,
     6270,
     6326,
     6367,
     6460,
     6470,
     6475,
     6686,
     6705,
     6975,
     7037,
     7053,
     7151,
     7282,
     7321,
     7344,
     7412,
     7532,
     7596,
     7630,
     7645,
     7702,
     8007,
     8048,
     8199,
     8219,
     8455,
     8689,
     8748,
     8834,
     9176,
     9254,
     9375,
     9402,
     9490,
     9494,
     9605,
     9695,
     10228,
     10927,
     11034,
     11506,
     12178,
     12292,
     12295,
     12299,
     12408,
     12480,
     12551,
     12657,
     12671,
     12673,
     12783,
     13010,
     13072,
     13203,
     13303,
     13522,
     13774,
     13786,
     13832,
     13861,
     14002,
     14020,
     14158,
     14390,
     14774,
     14806,
     14907,
     15110,
     15391,
     15478,
     15518,
     15535,
     15565,
     15655,
     16008,
     16108,
     16126,
     16170,
     16240,
     16314,
     16315,
     16330,
     16478,
     16501,
     16528,
     16558,
     16588,
     16591,
     16599,
     16635,
     16645,
     16728,
     16743,
     16763,
     16774,
     16852,
     17047,
     17285,
     17360,
     17549,
     17587,
     17693,
     17708,
     17737,
     18003,
     18069,
     18081,
     18141,
     18251,
     18315,
     18626,
     18692,
     18825,
     19080,
     19261,
     19263,
     19492,
     19775,
     20129,
     20165,
     20190,
     20869,
     20873,
     20938,
     21323,
     21515,
     21626,
     21931,
     22085,
     22206,
     22248,
     22347,
     22387,
     22398,
     22420,
     22449,
     22488,
     22505,
     22664,
     22684,
     23105,
     23273,
     23292,
     23327,
     23455,
     23530,
     23844,
     24032,
     24099,
     24126,
     24382,
     24697,
     24748,
     24767,
     24786,
     24835,
     24942,
     25040,
     25300,
     25342,
     25504,
     25867,
     26207,
     26299,
     26348,
     26599,
     26687,
     26735,
     26818,
     27052,
     27088,
     27195,
     27371,
     27450,
     27679,
     28000,
     28205,
     28378,
     28402,
     28427,
     28559,
     28794,
     28829,
     28844,
     28910,
     29084,
     29271,
     29318,
     29320,
     29382,
     29450,
     29682,
     29717,
     29729,
     29762,
     29904,
     30147,
     30224,
     30327,
     30383,
     30496,
     30747,
     30845,
     31045,
     31059,
     31075,
     31118,
     31231,
     31294,
     31380,
     31468,
     31614,
     31704,
     31891,
     32011,
     32025,
     32112,
     32154,
     32535,
     32786,
     33223,
     33355,
     33458,
     33949,
     34388,
     34505,
     34778,
     34792,
     34811,
     34927,
     35313,
     35450,
     35560,
     35673,
     36088,
     36129,
     36569,
     36624,
     36693,
     36694,
     36737,
     36841,
     36879,
     37480,
     37542,
     37548,
     37627,
     38036,
     38140,
     38178,
     38255,
     38313,
     38341,
     38385,
     38456,
     38927,
     38952,
     39040,
     39109,
     39227,
     39275,
     39357,
     39457,
     39459,
     39504,
     39649,
     39688,
     39691,
     39698,
     39703,
     39774,
     39877,
     39923,
     40023,
     40114,
     40116,
     40196,
     40397,
     40444,
     40466,
     40611,
     40618,
     40736,
     41113,
     41427,
     41463,
     41598,
     41897,
     41929,
     41978,
     42123,
     42191,
     42393,
     42429,
     42677,
     42683,
     43262,
     43521,
     43577,
     43642,
     43972,
     44312,
     44355,
     44671,
     44943,
     45023,
     45027,
     45263,
     45347,
     45481,
     45494,
     45511,
     45756,
     45972,
     46239,
     46673,
     46874,
     46912,
     46996,
     47064,
     47189,
     47529,
     47614,
     47756,
     47892,
     47978,
     48087,
     48185,
     48385,
     48437,
     48567,
     48923,
     49014,
     49145,
     49162,
     49351,
     49459,
     49642,
     49730,
     50367,
     50476,
     50624,
     50629,
     50650,
     50651,
     50797,
     50818,
     51045,
     51134,
     51266,
     51324,
     51552,
     51597,
     51600,
     51722,
     51741,
     51798,
     51917,
     51987,
     52015,
     52039,
     52087,
     52136,
     52146,
     52243,
     52357,
     52461,
     52618,
     52766,
     52778,
     52833,
     52900,
     52921,
     52956,
     52968,
     52999,
     53208,
     53306,
     53803,
     53859,
     53895,
     53933,
     54110,
     54164,
     54223,
     54441,
     54613,
     54687,
     54806,
     54921,
     54945,
     55462,
     55498,
     55521,
     55571,
     55596,
     55603,
     55636,
     55678,
     55741,
     55843,
     56018,
     56063,
     56261,
     56311,
     56350,
     56457,
     56501,
     56554,
     56597,
     56636,
     56760,
     56813,
     56870,
     56885,
     56893,
     56986,
     57004,
     57097,
     57628,
     57645,
     57783,
     57845,
     57945,
     58025,
     58091,
     58380,
     58390,
     58398,
     58402,
     58410,
     58750,
     58924,
     59228,
     59504,
     60008,
     60121,
     60185,
     60382,
     60509,
     60605,
     60764,
     60833,
     61628,
     61891,
     61942,
     62154,
     62634,
     62871,
     62882,
     63107,
     63355,
     63388,
     63650,
     63713,
     63969,
     64212,
     64255,
     64411,
     64433,
     64457,
     64564,
     64578,
     64805,
     64837,
     64877,
     64880,
     65148,
     65149,
     65180,
     65204,
     65227,
     65360,
     65432,
     65450,
     65490,
     65571,
     65631,
     65679,
     65804,
     65845,
     65921,
     65971,
     66064,
     66132,
     66391,
     66399,
     66400,
     66577,
     66904,
     67020,
     67370,
     67456,
     67489,
     67540,
     67602,
     67684,
     67804,
     67862,
     68004,
     68608,
     68842,
     68882,
     68982,
     69102,
     69151,
     69339,
     69380,
     69628,
     69717,
     69853,
     69904,
     69972,
     70022,
     70038,
     70258,
     70382,
     70478,
     70621,
     70628,
     70696,
     70701,
     70738,
     70746,
     70938,
     71012,
     71085,
     71226,
     71449,
     71536,
     71556,
     71631,
     71701,
     72235,
     72588,
     72593,
     72880,
     72963,
     73143,
     73405,
     73838,
     74208,
     74224,
     74281,
     74386,
     74437,
     74563,
     74896,
     75031,
     75317,
     75467,
     75519,
     75602,
     75746,
     76002,
     76050,
     76086,
     76391,
     76393,
     76467,
     76483,
     77114,
     77355,
     77470,
     77875,
     77880,
     78090,
     78111,
     78305,
     78515,
     78611,
     78653,
     78656,
     78832,
     78882,
     79086,
     79528,
     79651,
     79699,
     79749,
     79910,
     80049,
     80490,
     80693,
     80849,
     80997,
     81024,
     81444,
     81476,
     81983,
     82083,
     82102,
     82848,
     83061,
     83472,
     83549,
     83714,
     84024,
     84263,
     84681,
     84834,
     85098,
     85218,
     85231,
     85263,
     85412,
     85615,
     85644,
     86147,
     86504,
     86770,
     87038,
     87164,
     87239,
     87634,
     88100,
     88109,
     88164,
     88545,
     88604,
     88715,
     88763,
     88802,
     89650,
     89833,
     89897,
     89943,
     90328,
     90448,
     90496,
     90689,
     90780,
     90790,
     91056,
     91335,
     91610,
     91765,
     92274,
     92340,
     92387,
     92413,
     92428,
     92475,
     92495,
     92530,
     92543,
     92548,
     92561,
     92654,
     92658,
     92672,
     92722,
     92725,
     92842,
     92855,
     92885,
     92906,
     92944,
     92947,
     93107,
     93168,
     93170,
     93171,
     93199,
     93202,
     93261,
     93306,
     93315,
     93356,
     93376,
     93384,
     93426,
     93441,
     93456,
     93479,
     93640,
     93644,
     93696,
     94025,
     94113,
     94129,
     94190,
     94203,
     94349,
     94353,
     94374,
     94401,
     94492,
     94578,
     94627,
     94792,
     95021,
     95293,
     95598,
     95813,
     95858,
     95974,
     96001,
     96027,
     96069,
     96111,
     96621,
     96773,
     96790,
     96801,
     97006,
     97038,
     97043,
     97117,
     97126,
     97132,
     97180,
     97309,
     97335,
     97407,
     97529,
     97534,
     97547,
     97970,
     98033,
     98080,
     98122,
     98369,
     98589,
     98611,
     98682,
     99078,
     99206,
     99386,
     99692,
     99760,
     99800,
     100042,
     100178,
     100322,
     100451,
     100764,
     100785,
     100812,
     100921,
     100925,
     100936,
     101017,
     101164,
     101334,
     101673,
     102357,
     102554,
     102703,
     102755,
     102839,
     102899,
     102913,
     103253,
     103618,
     104047,
     104203,
     104576,
     104818,
     104848,
     104947,
     105605,
     105909,
     105978,
     106158,
     106405,
     106753,
     106798,
     106847,
     106898,
     107037,
     107097,
     107222,
     107257,
     107339,
     107454,
     107461,
     107662,
     107668,
     107768,
     107878,
     107913,
     108244,
     108269,
     108331,
     108368,
     108534,
     109035,
     109152,
     109306,
     109724,
     109925,
     110046,
     110203,
     110263,
     110450,
     110497,
     110536,
     110867,
     111529,
     111592,
     111897,
     112007,
     112252,
     112422,
     112853,
     113023,
     113115,
     113518,
     113747,
     113781,
     113803,
     113809,
     114111,
     114310,
     114324,
     114523,
     114608,
     115102,
     115468,
     115612,
     115665,
     115969,
     116303,
     116309,
     116443,
     116808,
     116863,
     117185,
     117255,
     117301,
     117302,
     117353,
     117384,
     117402,
     117455,
     117488,
     117550,
     117654,
     117815,
     117941,
     118021,
     118037,
     118646,
     118812,
     119281,
     119694,
     119714,
     119785,
     119786,
     119926,
     119945,
     119994,
     120085,
     120653,
     120929,
     121023,
     121908,
     122022,
     122032,
     122152,
     122306,
     122511,
     123307,
     123364,
     124078,
     124234,
     124466,
     124550,
     124580,
     124688,
     125012,
     125216,
     125339,
     125718,
     125976,
     127473,
     127906,
     127993,
     128017,
     128043,
     128186,
     128245,
     128941,
     129110,
     129531,
     129704,
     129769,
     129975,
     130468,
     130472,
     130615,
     130713,
     131043,
     131226,
     131382,
     131858,
     131968,
     132740,
     132915,
     133283,
     133742,
     133748,
     133779,
     133784,
     133831,
     133832,
     133840,
     133943,
     133953,
     133979,
     134008,
     134014,
     134046,
     134074,
     134117,
     134317,
     134761,
     134881,
     134925,
     134973,
     135122,
     135284,
     135339,
     136008,
     136033,
     136065,
     136182,
     136259,
     136685,
     137033,
     137113,
     137798,
     137805,
     137823,
     137945,
     138088,
     138409,
     138497,
     139046,
     139122,
     139154,
     139202,
     139281,
     139465,
     139791,
     140071,
     140223,
     140521,
     140922,
     141326,
     142019,
     142174,
     142371,
     142418,
     142542,
     142892,
     142900,
     143457,
     144412,
     144468,
     144728,
     145138,
     145199,
     145231,
     145235,
     145246,
     145430,
     145457,
     145543,
     145579,
     145583,
     145603,
     145649,
     145724,
     145752,
     145792,
     146487,
     146778,
     147089,
     147362,
     148347,
     149097,
     149152,
     149871,
     149875,
     150201,
     150456,
     150564,
     150637,
     150960,
     151840,
     152074,
     152289,
     152486,
     152520,
     152587,
     153031,
     153139,
     153216,
     153570,
     154067,
     154992,
     155156,
     155362,
     155833,
     156280,
     156664,
     156847,
     156880,
     157350,
     157901,
     158242,
     158340,
     158826,
     159089,
     160057,
     160443,
     160560,
     161069,
     161103,
     161500,
     161515,
     161619,
     161798,
     161933,
     161972,
     162027,
     162124,
     162129,
     162153,
     162286,
     162615,
     164002,
     164053,
     164066,
     164545,
     164666,
     164801,
     164833,
     165003,
     165027,
     165061,
     165481,
     165719,
     165727,
     166129,
     166133,
     166495,
     166576,
     167290,
     167512,
     167758,
     167767,
     167948,
     168153,
     168490,
     168830,
     168839,
     170595,
     170666,
     170813,
     171087,
     171638,
     171673,
     171732,
     172262,
     172721,
     172867,
     174688,
     175030,
     175149,
     175920,
     176374,
     176375,
     176385,
     176407,
     176669,
     176961,
     176967,
     177221,
     177389,
     177589,
     177595,
     177764,
     178186,
     178439,
     178626,
     178692,
     179033,
     179581,
     179721,
     180638,
     180830,
     181135,
     181161,
     181274,
     181561,
     181942,
     182277,
     182913,
     184431,
     184713,
     184857,
     185047,
     185057,
     185071,
     185107,
     185568,
     185687,
     186554,
     186764,
     187089,
     187370,
     187837,
     187857,
     188414,
     188820,
     189469,
     190109,
     190197,
     190389,
     190711,
     190732,
     190869,
     191647,
     192166,
     192699,
     193174,
     193731,
     194703,
     194796,
     194834,
     194930,
     195862,
     195925,
     195989,
     196920,
     197302,
     197507,
     197693,
     199058,
     199106,
     199249,
     199387,
     199802,
     200135,
     200657,
     201359,
     201559,
     201805,
     202002,
     202003,
     202336,
     202392,
     202488,
     202726,
     202858,
     203006,
     203365,
     204045,
     204153,
     204983,
     205340,
     205449,
     205462,
     205676,
     206082,
     207732,
     207745,
     207972,
     208373,
     208878,
     209433,
     209968,
     210953,
     210956,
     211193,
     211197,
     211661,
     211749,
     211775,
     211966,
     211972,
     211978,
     212026,
     212207,
     212897,
     213180,
     213831,
     213945,
     214033,
     214525,
     214547,
     214697,
     214969,
     215141,
     215350,
     215680,
     215964,
     216310,
     216364,
     216562,
     217070,
     217530,
     218309,
     218585,
     218951,
     219191,
     220751,
     221788,
     222037,
     222642,
     222707,
     222736,
     222900,
     222977,
     223009,
     223030,
     223093,
     223140,
     223167,
     223371,
     223638,
     223703,
     224342,
     224440,
     224487,
     224560,
     224682,
     225036,
     225083,
     225348,
     225728,
     226150,
     226297,
     226474,
     226827,
     227278,
     227385,
     227576,
     228448,
     229304,
     229590,
     230942,
     231545,
     231980,
     232109,
     232372,
     232930,
     232975,
     232977,
     233786,
     234764,
     234873,
     235600,
     235663,
     235962,
     235998,
     236034,
     236111,
     236412,
     236651,
     236732,
     237389,
     237770,
     238098,
     238249,
     238266,
     238464,
     238584,
     238689,
     238744,
     238885,
     238913,
     239035,
     239172,
     239397,
     240349,
     240649,
     241295,
     241474,
     242643,
     242655,
     244289,
     245051,
     245482,
     245624,
     246452,
     246630,
     247047,
     247600,
     247611,
     247831,
     248230,
     248554,
     248906,
     248913,
     249660,
     249904,
     250395,
     251543,
     251678,
     251808,
     253687,
     254409,
     255730,
     257931,
     257976,
     258175,
     258765,
     260682,
     260684,
     260994,
     262151,
     263183,
     263582,
     267827,
     268065,
     270456,
     272174,
     272471,
     273049,
     273091,
     274522,
     274682,
     274701,
     275208,
     275356,
     275359,
     275655,
     275821,
     278187,
     278947,
     279457,
     279715,
     280103,
     280433,
     280778,
     281997,
     282132,
     283266,
     283327,
     284622,
     285651,
     285891,
     286323,
     286421,
     286967,
     288274,
     288333,
     289065,
     289334,
     289600,
     289818,
     290680,
     290810,
     291100,
     291442,
     292007,
     292403,
     292813,
     293774,
     293845,
     294389,
     294507,
     295407,
     295465,
     295556,
     295598,
     295905,
     296007,
     296531,
     296867,
     296892,
     297261,
     297356,
     297482,
     298560,
     299601,
     300784,
     301403,
     301421,
     301935,
     302363,
     302461,
     303158,
     303515,
     304693,
     304727,
     304748,
     304805,
     304834,
     304941,
     304945,
     304970,
     305386,
     307202,
     307248,
     308078,
     308147,
     308497,
     309463,
     310589,
     310606,
     311036,
     311102,
     311493,
     311688,
     311696,
     311798,
     311866,
     312054,
     312620,
     313454,
     314476,
     314629,
     314697,
     315015,
     315164,
     315295,
     315420,
     316060,
     316473,
     316694,
     316806,
     317043,
     317356,
     317385,
     317778,
     318293,
     318543,
     318576,
     319549,
     320802,
     321042,
     321215,
     321228,
     321511,
     321627,
     321750,
     321862,
     321947,
     322191,
     322529,
     322597,
     322668,
     322785,
     322959,
     322974,
     323033,
     323047,
     323284,
     323389,
     323513,
     324047,
     324641,
     324801,
     326278,
     326465,
     326474,
     326878,
     326967,
     327006,
     327066,
     327075,
     327248,
     327724,
     328516,
     328609,
     328803,
     329180,
     329311,
     329453,
     329695,
     329877,
     330007,
     331028,
     331328,
     331342,
     331548,
     332909,
     333521,
     334087,
     334089,
     334258,
     334334,
     334768,
     335104,
     335205,
     335320,
     335351,
     336103,
     336460,
     336641,
     337289,
     337684,
     338271,
     338516,
     339201,
     339767,
     340580,
     340741,
     340959,
     341821,
     342028,
     342419,
     342874,
     342984,
     343107,
     343127,
     343348,
     343582,
     344086,
     344426,
     344460,
     344468,
     345226,
     345470,
     345707,
     345711,
     345810,
     346096,
     346154,
     346353,
     346757,
     346758,
     347124,
     347163,
     347440,
     348273,
     348368,
     348660,
     348858,
     349114,
     349127,
     349566,
     349749,
     349822,
     350252,
     350339,
     351305,
     351878,
     352002,
     352715,
     352731,
     352844,
     352982,
     354170,
     354198,
     354700,
     355024,
     355035,
     355242,
     355249,
     356155,
     356156,
     356161,
     356473,
     357132,
     357964,
     359328,
     359465,
     359501,
     359652,
     360307,
     360345,
     360392,
     360754,
     361751,
     362170,
     362172,
     362262,
     362390,
     362518,
     362520,
     362750,
     362945,
     363220,
     363910,
     364359,
     364559,
     364605,
     364815,
     364849,
     365034,
     365305,
     365360,
     365601,
     365718,
     365814,
     366159,
     366791,
     366878,
     367353,
     367963,
     367971,
     368215,
     368590,
     369015,
     369468,
     370282,
     370727,
     371293,
     371345,
     371902,
     371943,
     372770,
     372773,
     373027,
     373434,
     373627,
     373737,
     373869,
     373879,
     374661,
     374996,
     375269,
     375655,
     375841,
     376200,
     376489,
     378098,
     379199,
     379307,
     379641,
     379723,
     379834,
     379917,
     380122,
     380146,
     380386,
     380474,
     381122,
     382304,
     382864,
     382867,
     383244,
     383309,
     383334,
     383730,
     384060,
     384084,
     384431,
     385027,
     385129,
     385466,
     386029,
     386511,
     387237,
     387904,
     388621,
     388649,
     389194,
     389867,
     390309,
     390669,
     391430,
     391462,
     392962,
     392989,
     393032,
     393321,
     393516,
     393642,
     393722,
     394224,
     394543,
     394594,
     394759,
     395773,
     396027,
     396523,
     396743,
     397050,
     397096,
     397326,
     397488,
     397588,
     397897,
     398086,
     398374,
     399496,
     399585,
     399857,
     399866,
     399867,
     400414,
     400499,
     402220,
     402754,
     402796,
     402977,
     403131,
     404469,
     404663,
     404977,
     405791,
     406425,
     407610,
     408111,
     408380,
     408450,
     408666,
     408840,
     410475,
     411359,
     411422,
     411661,
     412071,
     412206,
     412211,
     412212,
     412213,
     412225,
     412226,
     412228,
     412229,
     412253,
     412267,
     412447,
     412474,
     412919,
     413154,
     413267,
     414050,
     414081,
     414095,
     414403,
     414558,
     414617,
     414973,
     415068,
     415337,
     415535,
     416346,
     416579,
     416918,
     418259,
     418647,
     418724,
     419108,
     419389,
     419633,
     419929,
     420636,
     424060,
     424324,
     424515,
     424631,
     425112,
     425486,
     425549,
     426276,
     426600,
     426791,
     427183,
     427877,
     427937,
     428426,
     428673,
     429208,
     429761,
     429794,
     430456,
     430499,
     431682,
     431888,
     432582,
     433043,
     433361,
     433900,
     433918,
     434062,
     434748,
     434753,
     434757,
     435248,
     435488,
     436392,
     436419,
     436439,
     437544,
     437764,
     438124,
     438278,
     438651,
     438687,
     438916,
     439508,
     439624,
     439780,
     439883,
     439910,
     440129,
     440819,
     441139,
     441816,
     443072,
     444129,
     444601,
     444706,
     444712,
     444753,
     444762,
     445149,
     445352,
     445452,
     445671,
     445743,
     446673,
     446770,
     447242,
     447813,
     448036,
     448084,
     448106,
     448514,
     448523,
     448694,
     449486,
     450386,
     451038,
     451071,
     452007,
     452390,
     452533,
     452593,
     452751,
     452801,
     453085,
     453999,
     454118,
     454288,
     454432,
     454589,
     454742,
     455565,
     456544,
     457011,
     457306,
     458025,
     458819,
     458851,
     459009,
     459633,
     460234,
     460589,
     460738,
     461410,
     461734,
     461798,
     461934,
     461942,
     461945,
     462009,
     462087,
     462541,
     462719,
     463033,
     463144,
     463803,
     463804,
     463879,
     463896,
     463970,
     464733,
     465966,
     467161,
     467370,
     467466,
     467783,
     467834,
     468400,
     468523,
     468632,
     468914,
     468927,
     469001,
     469185,
     469212,
     470034,
     470196,
     470201,
     472319,
     472879,
     473049,
     473104,
     473784,
     473818,
     473925,
     474011,
     474183,
     474225,
     474506,
     474782,
     475149,
     475181,
     475825,
     475879,
     476078,
     476288,
     476397,
     476612,
     476694,
     476713,
     476886,
     476932,
     477807,
     477831,
     477858,
     478609,
     478912,
     478995,
     479083,
     479256,
     479400,
     479557,
     479663,
     480532,
     480906,
     481905,
     481934,
     481962,
     482100,
     482167,
     482530,
     482936,
     483337,
     483914,
     484529,
     486310,
     486464,
     486544,
     488185,
     488808,
     489100,
     489385,
     489549,
     489563,
     489577,
     489593,
     489604,
     489683,
     489696,
     489740,
     489785,
     489786,
     489815,
     489838,
     489845,
     489854,
     489856,
     489914,
     489936,
     489949,
     489982,
     490029,
     490080,
     490166,
     490183,
     490231,
     490239,
     490243,
     490294,
     490370,
     490412,
     490458,
     490466,
     490581,
     490897,
     491057,
     491150,
     491198,
     491248,
     491298,
     491390,
     491393,
     491396,
     491845,
     491894,
     491941,
     491998,
     492056,
     493036,
     493068,
     493655,
     494063,
     494117,
     494207,
     494375,
     494777,
     494791,
     494809,
     495006,
     495118,
     495146,
     495567,
     495707,
     495837,
     496040,
     496515,
     496742,
     496993,
     496997,
     497130,
     497202,
     497230,
     497353,
     497554,
     497683,
     497865,
     497893,
     498058,
     498229,
     498425,
     498648,
     499354,
     499587,
     499695,
     499751,
     499873,
     500574,
     500711,
     500808,
     500977,
     501441,
     501499,
     501576,
     502328,
     502621,
     502900,
     502989,
     503931,
     504245,
     505474,
     505626,
     505942,
     505981,
     506237,
     506693,
     507210,
     507276,
     507870,
     507985,
     508231,
     508273,
     508283,
     508395,
     509539,
     509620,
     509669,
     510702,
     510836,
     511768,
     512058,
     512861,
     513818,
     513902,
     514239,
     514322,
     514602,
     514723,
     515118,
     515222,
     515330,
     515684,
     517367,
     517371,
     517401,
     517879,
     518043,
     518242,
     518893,
     518958,
     519445,
     519501,
     519805,
     520025,
     520485,
     520972,
     520977,
     521240,
     521541,
     522508,
     522577,
     522718,
     522933,
     522984,
     523159,
     523617,
     524007,
     524072,
     524300,
     524306,
     524310,
     524311,
     524312,
     524313,
     524314,
     524315,
     524316,
     524317,
     524318,
     524319,
     524320,
     524322,
     524325,
     524382,
     524500,
     524625,
     524678,
     524891,
     524963,
     524976,
     525401,
     525466,
     525473,
     525821,
     526190,
     526937,
     527296,
     527303,
     527398,
     527417,
     527443,
     527535,
     527797,
     528065,
     528085,
     528152,
     528308,
     528898,
     529107,
     529629,
     531124,
     531183,
     531184,
     531185,
     531189,
     532372,
     532536,
     533109,
     533486,
     533585,
     533619,
     534028,
     534031,
     534032,
     534041,
     534042,
     534044,
     534049,
     534054,
     534075,
     534092,
     534116,
     535470,
     535539,
     535572,
     536146,
     536183,
     536437,
     536474,
     537635,
     537714,
     537776,
     537972,
     538000,
     538398,
     538492,
     539025,
     539052,
     539184,
     539542,
     539682,
     539691,
     541725,
     541748,
     542047,
     542162,
     542833,
     543254,
     543609,
     543629,
     544026,
     544675,
     544726,
     546673,
     546757,
     546924,
     546928,
     546929,
     546936,
     546986,
     547001,
     547011,
     547180,
     547195,
     547329,
     547363,
     547372,
     547470,
     547508,
     547703,
     547946,
     548331,
     548444,
     549775,
     550596,
     550881,
     551775,
     551804,
     551833,
     551866,
     552187,
     552578,
     553279,
     553393,
     553541,
     553650,
     554971,
     555352,
     555389,
     555528,
     555807,
     556591,
     556630,
     556712,
     557112,
     558212,
     559500,
     560349,
     560392,
     562374,
     562646,
     563027,
     563055,
     563383,
     563482,
     563646,
     564200,
     564473,
     565083,
     565657,
     565697,
     565946,
     566549,
     566584,
     566685,
     566809,
     566979,
     567046,
     567150,
     567172,
     567184,
     567215,
     567286,
     567528,
     567539,
     567574,
     567587,
     567674,
     567699,
     567856,
     567913,
     567918,
     568137,
     568367,
     568478,
     568498,
     568500,
     568574,
     568604,
     568798,
     568891,
     568955,
     568968,
     569039,
     569127,
     569396,
     569410,
     569416,
     569428,
     569480,
     569545,
     569621,
     569668,
     570413,
     570551,
     571057,
     571107,
     571328,
     571358,
     572479,
     572567,
     572637,
     573125,
     574049,
     574675,
     575304,
     575321,
     575683,
     575934,
     577086,
     577101,
     577126,
     577135,
     577136,
     577240,
     577396,
     577613,
     577696,
     577816,
     577973,
     578020,
     578076,
     578255,
     578697,
     578844,
     579545,
     579739,
     579891,
     579990,
     580000,
     580002,
     580064,
     580152,
     580363,
     580403,
     580484,
     580523,
     580651,
     581273,
     581412,
     582297,
     582974,
     583027,
     583250,
     583916,
     584187,
     585213,
     585501,
     585544,
     585681,
     585732,
     585828,
     585972,
     586019,
     586059,
     586173,
     586636,
     588803,
     588874,
     588911,
     589054,
     589954,
     590451,
     590907,
     591863,
     592176,
     593205,
     593568,
     593750,
     593904,
     594173,
     594496,
     594892,
     596798,
     597045,
     597250,
     597358,
     597732,
     598218,
     598432,
     598583,
     598755,
     599237,
     599485,
     599804,
     600032,
     600975,
     601797,
     602266,
     602358,
     602921,
     603215,
     603286,
     603685,
     603915,
     603937,
     604515,
     604680,
     604757,
     604999,
     605045,
     605248,
     605593,
     606555,
     608317,
     608794,
     608821,
     609079,
     609355,
     610129,
     610156,
     610448,
     610648,
     610781,
     610988,
     611478,
     611592,
     611901,
     612553,
     612916,
     613380,
     613605,
     614247,
     615265,
     615301,
     615421,
     616387,
     616481,
     617484,
     617578,
     617646,
     618377,
     619392,
     619489,
     620408,
     621469,
     621738,
     621862,
     622103,
     623329,
     624164,
     624508,
     624601,
     624916,
     624945,
     625491,
     625582,
     625591,
     626349,
     626974,
     627049,
     627496,
     627871,
     628222,
     630079,
     630280,
     630401,
     630466,
     630587,
     631527,
     631532,
     632056,
     632124,
     632377,
     633075,
     633950,
     635626,
     635725,
     636570,
     636837,
     638183,
     639336,
     639824,
     640641,
     642319,
     644230,
     644361,
     644703,
     644905,
     645091,
     645160,
     645821,
     646003,
     646094,
     647500,
     647988,
     648163,
     648402,
     648464,
     649206,
     649672,
     649771,
     650048,
     650065,
     650467,
     650585,
     650632,
     651267,
     651869,
     653423,
     654158,
     654711,
     654745,
     655066,
     655196,
     655267,
     655491,
     655595,
     655649,
     655701,
     656203,
     657131,
     657229,
     657285,
     657296,
     657337,
     657383,
     657442,
     657447,
     657451,
     657459,
     657482,
     657488,
     657569,
     657579,
     657620,
     657640,
     657971,
     657986,
     658203,
     658432,
     658530,
     658535,
     658537,
     658759,
     658814,
     659249,
     659825,
     660151,
     660222,
     660263,
     660689,
     660788,
     660908,
     660917,
     661440,
     662223,
     662354,
     662461,
     662504,
     662884,
     663540,
     663612,
     664055,
     664072,
     664274,
     664329,
     664404,
     665036,
     665126,
     665175,
     665256,
     665336,
     665686,
     665715,
     665748,
     666556,
     667769,
     668072,
     668234,
     668563,
     668691,
     668741,
     668889,
     669119,
     670287,
     670344,
     670376,
     670645,
     670697,
     671198,
     671215,
     671671,
     672253,
     673539,
     673730,
     673905,
     674010,
     674045,
     674093,
     674126,
     674469,
     674525,
     674738,
     675315,
     675425,
     675508,
     675621,
     675662,
     675852,
     676078,
     676090,
     676295,
     676331,
     676488,
     676664,
     677073,
     677705,
     678378,
     678957,
     679432,
     679692,
     679838,
     680121,
     680501,
     680852,
     681038,
     681349,
     681431,
     681673,
     683116,
     683439,
     685404,
     685410,
     685888,
     686479,
     687373,
     687717,
     688752,
     689859,
     690133,
     690178,
     690841,
     691084,
     691360,
     692044,
     692067,
     692078,
     693596,
     694185,
     694267,
     694289,
     694467,
     694726,
     694929,
     695563,
     696387,
     696631,
     696647,
     696858,
     696904,
     697219,
     697536,
     698141,
     699437,
     699688,
     700236,
     700242,
     700521,
     701139,
     701540,
     702411,
     702455,
     702457,
     702587,
     703369,
     704007,
     704772,
     704876,
     704888,
     705433,
     706335,
     706343,
     706408,
     707150,
     707823,
     707838,
     708829,
     709862,
     709886,
     710376,
     710614,
     710886,
     710930,
     711637,
     712596,
     712885,
     713765,
     713848,
     714128,
     714217,
     714383,
     714588,
     714827,
     714869,
     714910,
     715254,
     715469,
     715574,
     716330,
     716804,
     717102,
     717478,
     717491,
     717753,
     717841,
     717993,
     718258,
     718501,
     718523,
     718651,
     719143,
     719152,
     719867,
     719895,
     721574,
     722137,
     724789,
     725054,
     726632,
     728468,
     728740,
     729703,
     731000,
     731621,
     732008,
     732123,
     732935,
     733108,
     733267,
     733862,
     734668,
     734904,
     735319,
     736291,
     737058,
     737136,
     739903,
     739909,
     740331,
     744933,
     745711,
     747651,
     747691,
     747845,
     748444,
     750245,
     751362,
     751505,
     751556,
     751601,
     752200,
     757236,
     758899,
     760937,
     761210,
     762108,
     762684,
     763311,
     764531,
     764618,
     765551,
     767321,
     767476,
     767585,
     769971,
     770238,
     771279,
     771516,
     771517,
     771520,
     772732,
     772979,
     776805,
     778796,
     778924,
     781412,
     783779,
     784535,
     790577,
     792996,
     793057,
     793093,
     793124,
     793237,
     795290,
     795436,
     795668,
     801310,
     803872,
     804708,
     809923,
     810707,
     812665,
     815321,
     816942,
     816980,
     817258,
     817309,
     817342,
     817753,
     818647,
     819212,
     821621,
     822115,
     824118,
     824348,
     824418,
     829677,
     829750,
     830167,
     832463,
     832950,
     833071,
     833917,
     834127,
     834173,
     834457,
     834715,
     834994,
     835104,
     835140,
     836459,
     837071,
     839224,
     839799,
     839980,
     840443,
     842182,
     842295,
     842446,
     843412,
     845369,
     847499,
     848351,
     850621,
     852275,
     852462,
     855007,
     858776,
     859992,
     860575,
     862189,
     863902,
     867998,
     869241,
     870861,
     870932,
     871077,
     871272,
     872323,
     877501,
     878485,
     880842,
     880894,
     881108,
     882074,
     888764,
     891032,
     893327,
     895541,
     895765,
     895973,
     900305,
     900481,
     900709,
     904390,
     904540,
     906377,
     908182,
     908235,
     908567,
     908743,
     908746,
     910621,
     910898,
     911926,
     914356,
     915498,
     918165,
     919148,
     922289,
     922980,
     924006,
     924821,
     925177,
     925766,
     926241,
     926346,
     927428,
     931041,
     931767,
     931815,
     932021,
     932379,
     933797,
     934411,
     935483,
     936893,
     937694,
     940048,
     940933,
     941449,
     941552,
     941831,
     942651,
     943744,
     943880,
     944124,
     944351,
     944653,
     951636,
     955364,
     956685,
     959665,
     959668,
     959799,
     965298,
     967832,
     968622,
     969592,
     971683,
     973600,
     974180,
     974620,
     975150,
     976599,
     978249,
     978608,
     979415,
     980408,
     981568,
     982048,
     989365,
     990173,
     990625,
     990845,
     993573,
     994163,
     995884,
     996140,
     996303,
     996626,
     999034,
     999042,
     1002162,
     1002309,
     1006078,
     1008390,
     1008644,
     1010044,
     1010822,
     1011607,
     1014460,
     1015136,
     1016290,
     1019603,
     1019837,
     1021806,
     1024323,
     1025219,
     1027239,
     1030455,
     1033109,
     1035064,
     1036781,
     1043967,
     1049030,
     1049213,
     1050005,
     1050140,
     1051550,
     1054934,
     1055438,
     1057392,
     1057594,
     1057719,
     1060256,
     1060780,
     1061690,
     1066249,
     1068293,
     1069176,
     1074639,
     1075267,
     1075992,
     1078072,
     1080307,
     1080960,
     1081383,
     1083205,
     1083302,
     1086036,
     1088470,
     1090213,
     1091544,
     1092768,
     1092939,
     1093250,
     1096327,
     1098124,
     1098587,
     1098969,
     1099740,
     1101885,
     1101903,
     1104006,
     1104165,
     1104334,
     1104354,
     1104736,
     1104807,
     1104903,
     1106160,
     1106176,
     1106732,
     1106797,
     1106825,
     1107002,
     1107441,
     1107618,
     1109397,
     1110447,
     1114727,
     1123474,
     1125976,
     1128952,
     1133099,
     1133272,
     1136756,
     1142704,
     1145188,
     1145435,
     1145946,
     1147566,
     1148362,
     1148620,
     1151489,
     1160089,
     1162476,
     1164716,
     1165120,
     1165868,
     1166944,
     1167893,
     1173439,
     1173879,
     1174612,
     1175301,
     1180142,
     1181156,
     1181373,
     1181386,
     1184418,
     1185631,
     1185712,
     1186491,
     1187339,
     1187382,
     1187530,
     1187572,
     1188792,
     1189303,
     1189949,
     1190429,
     1191811,
     1193827,
     1194117,
     1194887,
     1195710,
     1195847,
     1196360,
     1197093,
     1197121,
     1197537,
     1198074,
     1198267,
     1198335,
     1198876,
     1198919,
     1198944,
     1199051,
     1199212,
     1199260,
     1200720,
     1201346,
     1201449,
     1201821,
     1201832,
     1201874,
     1201943,
     1202540,
     1204019,
     1204252,
     1204331,
     1205869,
     1208331,
     1208453,
     1208770,
     1208881,
     1209053,
     1211435,
     1212402,
     1213126,
     1213819,
     1214457,
     1215912,
     1218219,
     1218587,
     1219164,
     1219785,
     1221466,
     1222123,
     1222839,
     1223535,
     1223868,
     1223996,
     1224380,
     1224974,
     1225082,
     1225147,
     1229132,
     1229350,
     1229370,
     1231889,
     1232738,
     1232844,
     1233051,
     1233467,
     1234621,
     1234951,
     1234975,
     1235579,
     1235961,
     1236336,
     1236401,
     1238436,
     1238739,
     1238744,
     1238800,
     1239541,
     1240416,
     1240711,
     1240728,
     1240849,
     1241015,
     1241595,
     1242123,
     1242381,
     1242412,
     1242532,
     1242848,
     1242858,
     1244383,
     1244546,
     1244807,
     1245180,
     1246157,
     1246252,
     1249205,
     1249991,
     1250228,
     1250520,
     1252564,
     1254610,
     1254623,
     1254749,
     1255866,
     1258303,
     1258396,
     1260962,
     1266053,
     1267042,
     1267138,
     1267189,
     1267314,
     1268944,
     1270972,
     1278698,
     1279051,
     1281444,
     1281453,
     1281456,
     1281468,
     1281704,
     1281763,
     1281932,
     1283913,
     1284522,
     1285558,
     1285574,
     1287456,
     1287545,
     1287661,
     1288025,
     1290131,
     1290540,
     1291528,
     1293041,
     1293268,
     1294322,
     1295954,
     1296558,
     1299206,
     1300763,
     1305433,
     1305569,
     1305776,
     1307690,
     1313848,
     1313852,
     1314720,
     1317108,
     1318573,
     1319739,
     1323678,
     1324804,
     1325355,
     1325589,
     1328129,
     1328240,
     1328244,
     1329749,
     1336593,
     1337338,
     1339151,
     1339225,
     1339512,
     1339871,
     1339970,
     1340017,
     1345185,
     1345203,
     1345391,
     1348777,
     1355951,
     1357634,
     1362168,
     1363324,
     1363685,
     1364511,
     1365754,
     1366038,
     1368614,
     1368624,
     1372319,
     1372867,
     1372945,
     1376202,
     1377175,
     1377657,
     1378055,
     1378058,
     1378082,
     1378178,
     1378307,
     1379518,
     1381879,
     1382965,
     1386807,
     1386871,
     1387600,
     1388150,
     1392455,
     1392931,
     1398145,
     1398424,
     1398863,
     1400947,
     1403451,
     1403984,
     1407975,
     1409018,
     1410107,
     1410322,
     1410418,
     1410972,
     1413913,
     1416285,
     1416313,
     1416327,
     1416833,
     1417988,
     1418137,
     1418492,
     1419982,
     1420782,
     1424448,
     1425484,
     1425840,
     1428001,
     1428180,
     1428438,
     1428931,
     1429228,
     1430004,
     1432627,
     1436202,
     1437176,
     1443833,
     1444617,
     1450243,
     1458583,
     1459959,
     1460105,
     1461767,
     1464716,
     1465373,
     1467899,
     1469428,
     1470467,
     1470980,
     1471254,
     1472127,
     1474423,
     1477028,
     1478015,
     1478413,
     1479070,
     1479162,
     1479910,
     1481195,
     1481557,
     1484502,
     1484979,
     1485399,
     1486839,
     1487067,
     1487699,
     1487701,
     1489749,
     1492520,
     1495201,
     1500326,
     1500809,
     1502001,
     1504134,
     1506246,
     1506330,
     1506474,
     1507120,
     1507355,
     1507370,
     1511121,
     1512925,
     1515627,
     1521608,
     1522046,
     1525482,
     1525538,
     1527029,
     1528923,
     1529694,
     1529733,
     1530823,
     1531238,
     1531574,
     1535246,
     1537001,
     1540263,
     1544697,
     1545010,
     1547907,
     1549169,
     1550417,
     1550438,
     1551077,
     1552823,
     1553193,
     1554107,
     1555512,
     1556459,
     1559158,
     1559337,
     1559934,
     1563846,
     1563984,
     1564195,
     1566469,
     1566472,
     1566479,
     1572044,
     1572093,
     1572739,
     1575560,
     1575644,
     1576219,
     1577878,
     1580969,
     1585477,
     1588630,
     1592686,
     1593029,
     1600681,
     1601814,
     1608317,
     1615067,
     1615273,
     1617449,
     1620318,
     1620449,
     1622191,
     1623335,
     1624269,
     1630338,
     1632220,
     1633815,
     1634027,
     1635110,
     1636188,
     1639212,
     1643230,
     1644258,
     1645421,
     1646460,
     1648735,
     1648848,
     1649263,
     1651798,
     1652069,
     1654342,
     1655273,
     1656641,
     1659302,
     1663717,
     1664029,
     1665262,
     1665549,
     1666292,
     1666349,
     1669723,
     1671998,
     1673232,
     1675520,
     1679807,
     1679827,
     1680199,
     1681820,
     1684691,
     1685911,
     1688013,
     1689926,
     1690461,
     1690942,
     1694018,
     1694420,
     1694987,
     1697532,
     1698220,
     1700521,
     1700634,
     1700721,
     1700975,
     1703485,
     1703528,
     1703759,
     1704212,
     1704506,
     1707425,
     1708042,
     1708065,
     1708403,
     1709210,
     1709435,
     1710795,
     1711054,
     1712077,
     1712293,
     1713256,
     1713438,
     1713607,
     1714036,
     1714220,
     1714687,
     1715037,
     1715789,
     1715816,
     1715830,
     1715905,
     1715958,
     1716105,
     1716727,
     1717306,
     1717571,
     1718433,
     1718750,
     1718835,
     1719736,
     1720722,
     1721215,
     1721398,
     1721601,
     1722488,
     1722705,
     1724802,
     1725339,
     1725340,
     1725515,
     1725845,
     1727490,
     1728243,
     1729309,
     1730507,
     1730713,
     1731001,
     1731334,
     1731385,
     1732676,
     1733796,
     1733915,
     1735170,
     1737909,
     1743648,
     1743742,
     1744306,
     1745203,
     1745889,
     1747133,
     1747182,
     1747855,
     1747946,
     1748014,
     1749151,
     1749277,
     1749344,
     1750280,
     1751291,
     1754211,
     1754735,
     1755078,
     1755729,
     1755790,
     1756108,
     1758895,
     1759016,
     1759259,
     1759349,
     1759526,
     1760209,
     1760302,
     1760862,
     1760884,
     1761401,
     1761813,
     1761886,
     1762930,
     1763237,
     1763521,
     1764044,
     1764341,
     1764749,
     1769243,
     1769601,
     1769745,
     1769767,
     1769768,
     1771836,
     1772211,
     1772550,
     1773052,
     1773082,
     1773760,
     1774627,
     1778491,
     1778799,
     1779354,
     1780238,
     1780568,
     1780982,
     1781102,
     1782458,
     1782960,
     1783140,
     1783294,
     1783433,
     1783442,
     1783968,
     1784336,
     1784781,
     1785934,
     1786902,
     1787080,
     1787204,
     1787357,
     1788814,
     1789430,
     1790311,
     1793619,
     1793993,
     1794226,
     1794248,
     1794385,
     1797500,
     1798649,
     1799323,
     1800101,
     1800282,
     1800495,
     1800629,
     1800996,
     1802118,
     1803865,
     1804585,
     1804981,
     1805161,
     1805640,
     1805839,
     1806925,
     1808202,
     1808247,
     1809814,
     1810283,
     1810539,
     1810736,
     1811223,
     1811954,
     1812784,
     1814295,
     1816789,
     1817102,
     1817716,
     1819467,
     1820575,
     1820647,
     1821529,
     1821618,
     1821658,
     1821743,
     1823291,
     1823913,
     1824382,
     1824544,
     1825753,
     1828207,
     1829490,
     1829683,
     1830203,
     1830828,
     1830867,
     1831402,
     1831481,
     1832883,
     1832939,
     1833383,
     1835161,
     1835876,
     1836491,
     1836513,
     1837670,
     1837986,
     1838292,
     1838784,
     1839316,
     1839356,
     1840626,
     1840708,
     1841910,
     1842540,
     1842682,
     1842753,
     1842837,
     1842869,
     1843239,
     1846345,
     1848044,
     1848265,
     1848533,
     1849275,
     1849405,
     1849414,
     1850487,
     1850516,
     1850725,
     1851861,
     1852363,
     1856471,
     1856810,
     1856888,
     1857532,
     1857904,
     1859081,
     1859082,
     1860827,
     1861039,
     1861354,
     1861612,
     1862297,
     1862506,
     1862644,
     1863202,
     1863311,
     1863666,
     1864579,
     1864709,
     1864801,
     1865603,
     1866252,
     1866529,
     1867219,
     1867243,
     1867613,
     1867654,
     1868482,
     1869071,
     1869781,
     1870749,
     1872024,
     1873271,
     1874065,
     1874937,
     1875505,
     1875638,
     1875665,
     1876579,
     1876678,
     1876715,
     1876823,
     1877651,
     1878203,
     1878321,
     1879129,
     1879655,
     1880478,
     1881157,
     1884025,
     1885079,
     1886303,
     1887374,
     1887829,
     1888317,
     1888625,
     1891556,
     1893176,
     1893466,
     1893999,
     1894182,
     1894254,
     1894634,
     1894911,
     1896191,
     1899223,
     1899472,
     1899474,
     1899952,
     1900740,
     1901003,
     1901317,
     1903389,
     1903632,
     1904362,
     1905083,
     1906455,
     1908239,
     1909686,
     1909763,
     1909925,
     1910237,
     1912848,
     1913505,
     1914459,
     1915697,
     1915815,
     1915946,
     1916161,
     1916204,
     1916634,
     1917324,
     1917984,
     1921024,
     1921803,
     1923243,
     1926442,
     1926806,
     1927918,
     1929964,
     1929977,
     1930910,
     1932592,
     1935522,
     1936047,
     1937869,
     1942818,
     1943107,
     1943190,
     1943953,
     1945621,
     1947847,
     1949541,
     1950072,
     1951513,
     1951689,
     1951880,
     1952013,
     1952130,
     1954273,
     1959198,
     1959254,
     1960024,
     1962028,
     1962966,
     1965098,
     1965531,
     1965877,
     1967081,
     1967960,
     1969322,
     1969678,
     1971406,
     1971976,
     1972437,
     1972648,
     1972751,
     1972766,
     1974033,
     1974924,
     1975553,
     1976147,
     1976272,
     1978333,
     1981117,
     1981394,
     1982619,
     1982768,
     1989040,
     1989228,
     1989438,
     1992686,
     1993649,
     1996339,
     1997798,
     1998703,
     1999044,
     2000693,
     2001509,
     2006419,
     2007677,
     2008825,
     2009174,
     2010007,
     2011575,
     2015250,
     2016948,
     2017065,
     2017227,
     2018434,
     2019637,
     2020045,
     2020752,
     2020891,
     2023104,
     2023158,
     2025491,
     2026167,
     2027716,
     2029329,
     2029923,
     2032345,
     2032892,
     2033114,
     2033485,
     2033587,
     2034189,
     2034454,
     2034563,
     2034578,
     2036023,
     2036108,
     2036971,
     2037006,
     2037651,
     2037929,
     2038259,
     2038631,
     2038933,
     2039002,
     2039707,
     2039784,
     2039822,
     2041429,
     2043373,
     2043457,
     2043652,
     2044195,
     2044823,
     2045106,
     2045194,
     2045767,
     2046678,
     2048097,
     2048175,
     2048886,
     2049065,
     2049291,
     2050932,
     2051323,
     2051380,
     2051383,
     2052449,
     2052955,
     2052970,
     2053061,
     2054160,
     2054508,
     2055843,
     2057527,
     2057638,
     2058056,
     2058078,
     2058139,
     2059223,
     2059872,
     2060150,
     2060393,
     2061342,
     2061760,
     2062660,
     2063134,
     2065715,
     2066254,
     2067852,
     2068996,
     2070701,
     2070789,
     2070914,
     2073632,
     2075015,
     2077007,
     2077009,
     2078412,
     2078551,
     2079928,
     2080827,
     2081977,
     2082791,
     2083539,
     2085528,
     2087600,
     2087613,
     2090349,
     2090991,
     2092375,
     2092731,
     2092981,
     2094342,
     2094457,
     2094634,
     2094985,
     2095266,
     2096709,
     2096740,
     2097854,
     2098245,
     2098266,
     2099047,
     2099262,
     2101108,
     2101804,
     2102009,
     2102048,
     2102412,
     2102943,
     2103515,
     2103940,
     2105127,
     2105210,
     2106165,
     2107502,
     2107836,
     2107847,
     2108245,
     2108707,
     2109138,
     2111472,
     2113589,
     2114346,
     2114471,
     2115550,
     2116295,
     2116961,
     2118103,
     2119071,
     2119143,
     2123935,
     2123950,
     2124439,
     2126007,
     2127882,
     2132662,
     2132910,
     2135320,
     2137978,
     2141613,
     2141786,
     2143711,
     2144995,
     2145078,
     2146423,
     2150473,
     2152819,
     2152899,
     2153893,
     2155659,
     2157803,
     2162779,
     2166233,
     2167944,
     2168197,
     2169632,
     2170948,
     2172329,
     2173521,
     2174239,
     2176902,
     2177599,
     2180047,
     2180104,
     2181812,
     2184152,
     2184235,
     2185281,
     2185431,
     2186975,
     2187379,
     2187686,
     2187881,
     2189470,
     2190292,
     2190611,
     2191762,
     2192055,
     2192210,
     2192554,
     2196131,
     2197632,
     2198695,
     2198749,
     2200567,
     2200892,
     2202832,
     2205823,
     2205929,
     2206998,
     2209600,
     2210525,
     2211417,
     2211686,
     2212522,
     2214004,
     2214447,
     2217059,
     2219338,
     2223141,
     2223440,
     2223759,
     2224327,
     2225527,
     2225711,
     2226712,
     2228483,
     2229258,
     2230994,
     2231016,
     2231456,
     2234793,
     2235254,
     2236860,
     2237136,
     2238301,
     2238977,
     2239259,
     2239704,
     2244751,
     2247929,
     2248331,
     2248476,
     2249805,
     2249974,
     2252005,
     2252585,
     2252711,
     2253604,
     2253778,
     2255158,
     2255379,
     2256283,
     2258539,
     2258813,
     2259035,
     2260121,
     2262273,
     2263535,
     2263590,
     2263758,
     2263863,
     2263885,
     2264005,
     2265463,
     2272329,
     2272350,
     2274906,
     2274949,
     2279020,
     2279923,
     2282447,
     2284239,
     2284980,
     2288279,
     2290231,
     2292029,
     2292761,
     2293200,
     2293960,
     2295137,
     2295358,
     2295405,
     2297439,
     2299756,
     2299838,
     2299843,
     2299881,
     2299937,
     2302063,
     2302313,
     2304074,
     2304461,
     2304589,
     2307034,
     2308797,
     2309473,
     2309475,
     2311033,
     2311982,
     2313317,
     2316583,
     2317445,
     2318096,
     2318277,
     2318385,
     2324207,
     2324719,
     2324946,
     2326107,
     2326727,
     2328870,
     2328985,
     2334802,
     2334930,
     2336372,
     2338773,
     2340950,
     2344498,
     2344888,
     2346411,
     2346802,
     2347244,
     2348393,
     2348701,
     2350994,
     2355229,
     2355761,
     2356327,
     2356903,
     2358382,
     2359324,
     2359506,
     2361327,
     2362147,
     2362154,
     2362894,
     2364809,
     2370756,
     2371910,
     2372901,
     2379302,
     2380578,
     2382921,
     2382970,
     2382973,
     2382975,
     2383019,
     2383020,
     2383022,
     2383088,
     2383361,
     2384088,
     2385567,
     2385757,
     2387638,
     2388973,
     2389947,
     2393244,
     2393296,
     2394457,
     2396272,
     2396323,
     2396697,
     2402488,
     2409721,
     2409986,
     2415711,
     2415796,
     2416622,
     2417493,
     2418078,
     2420176,
     2420726,
     2421774,
     2422002,
     2422667,
     2422708,
     2422738,
     2422816,
     2423019,
     2424318,
     2424885,
     2426529,
     2427946,
     2430184,
     2430481,
     2430728,
     2431106,
     2432681,
     2432874,
     2433062,
     2434284,
     2434386,
     2434436,
     2434993,
     2435497,
     2436481,
     2440096,
     2443282,
     2447911,
     2451418,
     2451483,
     2453538,
     2454977,
     2455060,
     2457314,
     2457984,
     2458252,
     2459911,
     2461277,
     2463553,
     2464030,
     2466880,
     2467120,
     2467736,
     2468347,
     2468799,
     2469005,
     2469390,
     2470389,
     2471152,
     2472623,
     2473683,
     2474096,
     2478316,
     2483276,
     2483401,
     2484838,
     2485115,
     2486780,
     2486921,
     2487771,
     2489504,
     2489590,
     2490585,
     2490797,
     2491070,
     2491095,
     2491415,
     2491880,
     2492330,
     2492834,
     2493568,
     2495857,
     2495930,
     2497087,
     2497608,
     2498119,
     2498226,
     2498230,
     2498378,
     2499080,
     2499835,
     2500093,
     2501967,
     2503971,
     2505595,
     2507299,
     2508039,
     2510230,
     2511706,
     2513839,
     2515068,
     2517045,
     2517180,
     2517256,
     2517346,
     2517353,
     2517498,
     2517670,
     2518602,
     2518806,
     2518858,
     2518883,
     2519022,
     2519124,
     2519612,
     2519688,
     2519734,
     2519768,
     2519803,
     2519933,
     2520063,
     2520138,
     2520172,
     2520440,
     2521964,
     2521975,
     2525422,
     2525945,
     2527468,
     2528558,
     2531998,
     2532372,
     2532596,
     2535306,
     2537323,
     2537775,
     2537862,
     2539434,
     2540850,
     2541393,
     2541460,
     2542001,
     2542263,
     2543566,
     2545415,
     2545730,
     2550723,
     2551653,
     2552185,
     2552759,
     2553134,
     2553351,
     2554705,
     2555586,
     2557160,
     2557270,
     2558204,
     2558797,
     2559292,
     2560226,
     2560523,
     2560627,
     2560753,
     2560993,
     2561990,
     2562111,
     2563713,
     2565813,
     2567981,
     2568906,
     2581233,
     2581411,
     2581691,
     2587288,
     2588209,
     2590519,
     2591104,
     2592470,
     2593552,
     2595004,
     2598453,
     2604602,
     2605970,
     2613235,
     2613640,
     2615811,
     2619123,
     2619277,
     2623008,
     2624302,
     2627664,
     2629927,
     2632996,
     2633234,
     2633346,
     2633719,
     2636054,
     2639922,
     2641694,
     2644792,
     2651655,
     2651867,
     2652782,
     2653075,
     2655849,
     2656065,
     2656079,
     2656497,
     2658892,
     2659369,
     2660129,
     2662721,
     2663590,
     2665765,
     2666616,
     2667285,
     2668939,
     2670574,
     2672129,
     2677460,
     2680005,
     2680376,
     2681468,
     2681675,
     2681744,
     2683744,
     2684661,
     2686648,
     2687624,
     2688520,
     2691199])
